3.25
3.29
3.2
3.28
3.24
3.28
3.31
3.29
3.22
3.26
3.29
3.32
3.26
3.35
3.17
3.33
3.23
3.4
3.14
3.26
3.26
3.32
3.24
3.23
3.221
3.26
3.25
3.26
3.22
3.3
3.26
3.32
3.28
3.24
3.22
3.28
3.29
3.36
3.28
3.14
3.23
3.31
3.32
3.33
3.34
3.35
3.29
3.24
3.29
3.32
3.22
3.16
3.34
3.25
3.28
3.28
3.12
3.38
3.21
3.38
3.33
3.26
3.32
3.28
3.24
3.22
3.28
3.36
3.28
3.14
3.23
3.32
3.26
3.35
3.17
3.33
3.35
3.17
3.33
3.23
3.23
3.32
3.26
3.29
3.32
3.26
3.33
3.23
3.26
3.22
3.3
3.26
3.2
3.28
3.24
3.28
3.31
3.25
3.29
3.32
3.26
